20258724,
20258727,
20258730,
20258733,
20258738,
27890676,
26539934,
27890688,
27890680,
389423,
27890686,
27890692,
26723970,
26723980,
26723989,
25537348,
25537371,
25537386,
25537413,
25537435,
25537456,
25537472,
26842799,
26842814,
26842825,
26842833,
26013086,
26013116,
26013151,
26013199,
26013227,
26013273,
25537350,
25537377,
25537392,
25537404,
25537414,
25537430,
25537457,
25537474,
26723968,
26723975,
26723982,
26723988,
26723997,
26724005,
26723972,
26723979,
26723985,
26723994,
25537358,
25537374,
25537398,
25537423,
25537445,
25537464,
25537477,
20256616,
26013089,
26013118,
26013146,
26013176,
26013204,
26013235,
26013274,
25537345,
25537373,
25537388,
25537415,
25537427,
25537442,
25537473,
26013087,
26013113,
26013134,
26013186,
26013221,
26013256,
26013296,
25648840,
25648848,
25648861,
27413867,
27413870,
25537437,
25537455,
25537467,
27413868,
26842794,
26842807,
26842817,
26842829,
25648880,
25648891,
25648870,
25648881,
25648890,
25648898,
27890700,
27890707,
27890717,
27890723,
25537513,
25537538,
25537551,
25537569,
26013340,
26013373,
26013416,
26013460,
26013488,
27890699,
27890705,
27890713,
20258739,
20258743,
20258750,
20258755,
25537487,
25537506,
25537531,
20256628,
20256632,
26724008,
26724010,
26724016,
26724020,
26724024,
26842847,
26842855,
26842863,
26842868,
26842876,
26724007,
26724009,
26724013,
26724018,
26724023,
25537485,
25537502,
25537521,
25537536,
25537585,
26013319,
26013355,
26013390,
26013418,
26013458,
26013491,
25537481,
25537504,
25537540,
25537557,
25537579,
25537514,
25537544,
26013082,
26013106,
26013145,
26013209,
26013251,
26013337,
26013372,
26013479,
26013317,
26013354,
26013391,
26013428,
26013476,
26013505,
27890726,
27890734,
27890736,
27890745,
27890754,
27413872,
25537656,
25537688,
27890725,
27890735,
27890748,
27890759,
25648911,
25648924,
26013648,
26724027,
26724034,
26724039,
26724045,
26724050,
26724059,
20256633,
20258765,
20258769,
20256647,
20256652,
26724028,
26724038,
26724044,
26724054,
20258759,
20258761,
20258764,
20258767,
20258772,
20258775,
20258777,
25537593,
25537613,
25537644,
25537672,
25537689,
26013534,
26013561,
26013611,
26013647,
25537598,
25537615,
25537626,
25537646,
25537605,
25537632,
25537670,
25537690,
25537607,
25537624,
26013638,
26013531,
26013564,
26013629,
26013652,
26013666,
26013603,
25537492,
25537517,
25537535,
25537559,
25537572,
25537494,
25537520,
25537586,
25537356,
25537379,
25537394,
25537407,
25537424,
25537439,
25537458,
25537471,
25537512,
25537523,
25537549,
25537570,
27413871,
27413874,
25537596,
25537616,
26013637,
27413873,
27413875,
26013553,
26013579,
26013607,
26013633,
26013725,
26013759,
26013777,
26013819,
26013729,
26013754,
26013723,
26013760,
26013815,
26013730,
26013766,
26013814,
27890770,
27890781,
27890789,
27890801,
27890809,
26013697,
26013740,
26013791,
26013833,
26013846,
25537699,
25537723,
25537736,
25537764,
25537787,
25537809,
25537828,
26013728,
26013744,
26013789,
26013826,
25537693,
25537714,
25537740,
25537759,
25537779,
25537819,
25537837,
27413876,
27413879,
27413883,
27413887,
26842926,
26842937,
26013714,
26013765,
26013776,
26013807,
26013835,
26013857,
25537716,
25537754,
25537793,
25537818,
27413877,
27413880,
27413885,
25537720,
25537753,
25537777,
25537697,
25537719,
25537741,
26013823,
25537833,
26724060,
26724063,
26724066,
26724069,
26724061,
26724065,
26724068,
26724071,
26388837,
27890762,
27890776,
27890786,
27890794,
27890806,
27890814,
20258781,
20258785,
20258793,
20258795,
20258798,
20258800,
20258802,
26013692,
26013731,
26013763,
26013813,
26013847,
26013695,
26013734,
26013774,
26013821,
25537707,
25537734,
25537756,
25537788,
25537810,
25537835,
25537841,
26724073,
26724080,
26724086,
26013870,
25537844,
26724076,
26724083,
26724090,
27413891,
27413897,
27413902,
26013877,
25648974,
27413889,
27413895,
27413900,
27413905,
25537849,
27890817,
26724074,
26724081,
26724088,
26013875,
26013895,
26013721,
26013775,
26013803,
25648953,
25648960,
25648965,
26842892,
700555,
26842909,
26842915,
26842928,
26842935,
26842939,
26013724,
27890763,
27890774,
27890784,
27890795,
27890805,
27890812,
20256660,
20256665,
20256669,
26013538,
26013573,
26013613,
26013663,
26842878,
26842886,
25537674,
25537685,
25537706,
25537755,
25537775,
25537796,
25537831,
27413878,
27413881,
27413886,
26842923,
26842936,
20258803,
20258806,
20258809,
27890818,
27413890,
27413896,
27413901,
25537853,
25537864,
26013890,
26013901,
25537858,
25537874,
20256675,
20256678,
20256685,
25648990,
25648997,
25537916,
25537948,
25537969,
25537986,
26724095,
389740,
389761,
26724111,
26724117,
26013924,
26013963,
26014016,
25537900,
25537918,
25537944,
25537971,
25537985,
25538001,
25537921,
25537958,
25537901,
25537919,
25537940,
25537953,
25537968,
25537992,
26724094,
389734,
389758,
26724108,
26724114,
25537911,
25537930,
25537951,
25537970,
26013909,
26013938,
26013962,
26013998,
26013933,
26013954,
26013983,
26014030,
26013908,
26013936,
26013968,
26014022,
26014041,
25537920,
25537942,
20256689,
20256694,
26724121,
26724126,
26724133,
26724139,
26724145,
26014052,
26014093,
26014130,
26014155,
25649001,
25649009,
25649019,
25649028,
25649051,
26014072,
26014097,
26014125,
26014158,
25538002,
25538024,
25538046,
25538068,
25538084,
27413906,
27413908,
27413909,
27413910,
27413911,
27413912,
27413913,
25538043,
25538004,
25538025,
25538045,
25538013,
26014105,
25538053,
25538071,
25538087,
25538102,
26724122,
26724128,
26724137,
26724144,
26724120,
26724127,
26724135,
26724142,
26724149,
25538021,
25538040,
25538060,
25538083,
25538101,
26014073,
26014101,
26014139,
26014169,
25538127,
25538150,
25538202,
25649012,
25649029,
25649042,
25649050,
25537927,
20258814,
20258817,
20256681,
26842942,
25537931,
25537965,
27890873,
27890879,
27890891,
26724158,
26724166,
26724173,
27890872,
27890878,
26014212,
26014255,
26014285,
26014305,
26014187,
26014224,
26014254,
26014281,
25649061,
25649071,
25649076,
25538126,
25538147,
25538178,
25538194,
25538205,
20256698,
20256703,
25538107,
25538129,
25538151,
25538180,
25538198,
25538210,
25538215,
26724152,
26724162,
26724175,
25538116,
25538148,
25538181,
25538191,
25538207,
25538216,
26724151,
26724160,
26724168,
26724174,
25538123,
25538142,
25538173,
25538196,
25538217,
26843000,
26843008,
26843017,
26014215,
26014251,
26014296,
26014317,
25538137,
25538160,
25538138,
25538157,
25538177,
26014208,
26014280,
26014313,
20256711,
20256715,
27890901,
27890908,
27890915,
27890922,
26014367,
26014400,
26014495,
27890903,
27890909,
27890916,
27890923,
26724178,
26724184,
26724186,
26724192,
25538236,
25538263,
25538279,
25538300,
25538323,
25538338,
25538358,
25649081,
25649089,
25649096,
26901460,
26901468,
26901472,
26901480,
27413907,
25538036,
25538055,
25538076,
25538246,
25538278,
26014487,
27413917,
26843053,
27188828,
26014371,
26014426,
26014488,
25538233,
25538255,
25538276,
25538293,
25538315,
25538366,
25538242,
25538299,
25538322,
25538351,
27413914,
27413919,
25538317,
25538342,
26843046,
26843062,
25538222,
25538252,
25538275,
25538295,
25538327,
25538357,
26014347,
26014386,
26014418,
26014456,
26014483,
27413918,
26843052,
27188827,
26014364,
26014398,
26014437,
26901459,
26901464,
26901476,
27188789,
27188800,
26724190,
27188785,
27188799,
27188809,
27188823,
27188838,
25538218,
26843026,
25538262,
25538291,
25538310,
25538329,
25538343,
25538225,
25538259,
25538292,
25538312,
25538359,
25538250,
26014421,
25538309,
20258835,
20258838,
26014330,
26014355,
26014406,
26014428,
26014475,
26014517,
26014350,
26014376,
26014404,
26014440,
26014468,
26014500,
26014522,
26014365,
26014442,
26014469,
27413915,
27413920,
26843031,
26843039,
26843051,
26843060,
26843066,
20258823,
20258826,
20258829,
20258832,
25538141,
25538163,
25538011,
25538035,
25538052,
25538072,
25538100,
26014067,
26014107,
26014136,
26014165,
27890847,
27890853,
27890860,
27890848,
27890854,
27890859,
27890865,
25537908,
25537928,
25537945,
25537961,
25537978,
25538000,
27890831,
27890841,
27890832,
27890837,
26724033,
26724046,
26724055,
27413884,
27413888,
25852457,
26014649,
26014689,
26014585,
26014633,
26014706,
20256717,
20315560,
20315568,
26901488,
26901498,
26014715,
26014569,
26014597,
26014625,
26014674,
26014713,
26014743,
26014573,
26014615,
26014673,
26014725,
27890932,
27890951,
27890959,
27890965,
25846341,
25846353,
25846365,
25649121,
25649131,
25649142,
25649153,
27890935,
27890947,
390078,
390091,
26724209,
27413921,
27413923,
27413925,
26843092,
26843103,
26843110,
25538383,
25538411,
25538438,
25538490,
27890931,
27890943,
27890955,
27890962,
27890969,
25846340,
25846360,
25846373,
26014591,
26014613,
26014648,
25846345,
25846366,
25846379,
26724196,
26724199,
26724202,
26724204,
26724207,
26724195,
26724198,
26724200,
26724205,
25538388,
25538421,
25538458,
25538483,
25538509,
25538394,
25538414,
25538442,
25538481,
26843075,
26843081,
26843084,
26843088,
26843094,
26843099,
26843107,
26843111,
25538387,
25538405,
25538434,
25538459,
25538488,
25538513,
25538525,
26014555,
26014589,
26014607,
26014641,
26014677,
26014734,
26014553,
26014578,
26014617,
26014665,
26014723,
25537718,
25537733,
25537771,
25537800,
25538241,
25538277,
25538303,
25538336,
26014366,
26014403,
26014444,
26724100,
26724104,
26724109,
26724116,
25538541,
27890976,
27890972,
20256725,
20256726,
26014767,
26014793,
26014827,
25538539,
25538554,
25538565,
26014782,
26014810,
26014839,
26724216,
26724221,
26724226,
25538534,
25538551,
25538561,
25649161,
25649174,
26843122,
26843128,
26724214,
26724223,
26724231,
26724217,
26724222,
26724229,
25538537,
25538549,
25538562,
26014788,
26014834,
26014785,
26014813,
26014831,
25852456,
26014676,
26014722,
25538375,
25538392,
25538432,
25538460,
25538471,
25538486,
25538505,
25538519,
25538374,
25538412,
25538439,
25538477,
25538503,
25538522,
26901486,
26901494,
26901502,
26901508,
20258843,
20258846,
20258849,
20258853,
20258856,
20258860,
27413922,
27413924,
26843104,
26843112,
0,
27890983,
26724238,
25538584,
25538596,
25538613,
25538628,
25538636,
26014868,
26014911,
26014945,
25538586,
25538595,
25538608,
25538640,
25649186,
25649195,
25538631,
25538582,
25538597,
25538612,
25538629,
25538638,
25538642,
26014850,
26014885,
26014876,
26014896,
26014918,
25649185,
25538618,
25538633,
25538641,
26014873,
26014899,
26014940,
25649181,
25649190,
27890991,
27890997,
27891005,
26014998,
26015038,
26015082,
25538655,
25538669,
25538688,
25538707,
25538723,
25538647,
25538663,
25538693,
25538712,
25538658,
25538672,
25538683,
25538708,
25538721,
25538660,
25538671,
25538691,
25538706,
25538719,
25538650,
25538674,
25538699,
25538713,
390157,
390178,
26724251,
26389694,
20256733,
20256738,
26724242,
26724246,
26724253,
26389695,
26724263,
26014984,
26015015,
26015046,
26015073,
26014988,
26015026,
26015059,
26015091,
25649204,
25649214,
25649220,
25649232,
25538533,
26014993,
26015020,
26015083,
20258865,
20258867,
27890990,
27890999,
27891007,
27890984,
27413928,
27413931,
25538406,
25538437,
390158,
390181,
26843155,
26843161,
26843168,
26843179,
26843138,
26843147,
27413927,
27413930,
27413933,
27413926,
27413929,
27413932,
20527042,
20527054,
20527060,
20527066,
20527048,
20527085,
20527075,
20527099,
20527091,
20527080,
20527101,
20527151,
20527170,
20527176,
20527163,
20527157,
20527179,
20527183,
20533517,
20527196,
20527199,
20527192,
20527212,
20527207,
20527203,
20527223,
20527220,
20526376,
20533526,
20533508,
20533509,
20533507,
20533506,
20527100,
20527084,
20527090,
20527095,
20527076,
20527117,
20527124,
20527105,
20527111,
20527138,
20527141,
20527130,
20527134,
20527158,
20527152,
20527165,
20527190,
20527180,
20527186,
20527194,
20527198,
20527224,
20527221,
20527215,
20527205,
20527210,
20533525,
20533523,
20533524,
26901527,
26901535,
20256742,
20256746,
27188902,
27188915,
27188927,
26524864,
390267,
27188913,
26015146,
26015181,
26015217,
26015226,
26015136,
26015165,
26015206,
26015218,
26015227,
26524865,
26524867,
390283,
25538745,
26015187,
27891009,
27891018,
27891027,
27891038,
27891048,
27891058,
27891010,
27891019,
27891028,
27891040,
27891049,
27413938,
27413940,
26901529,
26901536,
26901544,
27891017,
27891026,
27891037,
27891051,
27891060,
25538735,
25538757,
25538776,
25538793,
26724264,
26724271,
26724280,
26724286,
26724288,
26724296,
25538749,
25538775,
25538788,
25538799,
26724265,
26724273,
26724279,
26724287,
26724292,
26724267,
26724274,
26724282,
26724295,
26015149,
26015196,
26015216,
26015229,
27413935,
27413937,
27413941,
27413934,
27413936,
27413939,
25538747,
25538767,
25538779,
25538792,
25538801,
25538820,
25538843,
25538870,
25538893,
25538915,
26724301,
26724303,
26724307,
26724309,
26724314,
26724324,
25538837,
25538863,
25538879,
25538900,
27891068,
27891076,
27891083,
27891093,
20256750,
20256757,
20256764,
20256768,
27891067,
27891075,
27891085,
27891094,
25538807,
25649265,
25649273,
25649282,
25538896,
25538917,
26724300,
27188968,
27188977,
26724313,
26724320,
26724299,
26724304,
26724308,
26724312,
26724319,
26724325,
26843222,
26843231,
26843237,
26843240,
26015151,
26015195,
27188912,
27188924,
27188931,
26843187,
26843196,
26843204,
26843212,
25538826,
25538865,
25538885,
25538906,
25538825,
25538850,
25538860,
25538884,
25538892,
25538910,
25538925,
26015266,
26015280,
26015309,
26015332,
26015357,
26015387,
26015268,
26015292,
26015359,
25538734,
25538760,
25538778,
25538794,
25538802,
20258869,
20258876,
20258882,
20258888,
27891016,
27891025,
27891036,
27891050,
20258892,
20258895,
20258898,
26015270,
26015317,
26015337,
26015381,
25538838,
25538857,
25538877,
27413944,
27413947,
20258899,
20258902,
20258904,
20258907,
20256803,
27188993,
27189007,
27189025,
26015438,
26015463,
26015481,
26015537,
26015576,
26724329,
26724334,
26724340,
26724348,
26724354,
26724360,
26724365,
27891099,
27891107,
27891111,
27891120,
27891131,
27188995,
27189005,
27189022,
27189036,
27891102,
27891112,
27891122,
27891132,
26015430,
26015455,
26015479,
26015507,
26015545,
26015584,
27188992,
27189008,
27189026,
26724331,
26724335,
26724342,
26724350,
26724357,
26724363,
25538940,
25538964,
25538992,
25539011,
25539027,
25539047,
26724327,
26724333,
26724339,
26724346,
26724353,
26724361,
25538938,
25538979,
25538989,
25539006,
25539023,
25539037,
25539052,
25538929,
25538949,
25538970,
25538988,
25539005,
25539020,
25539043,
25538935,
25538955,
25538967,
25538981,
25539003,
25539044,
26015443,
26015466,
26015503,
26015530,
26015573,
26015262,
26015283,
26015338,
26015367,
25538835,
25538867,
25538881,
25538901,
27188903,
27188916,
26901528,
26901533,
26901540,
26901547,
25649319,
25539068,
26015657,
26015674,
25539071,
27891137,
27891142,
27891136,
27891139,
27891144,
27188999,
27189015,
27189031,
27413952,
27413955,
25539061,
25649301,
25649308,
20256781,
20256789,
20256795,
20256800,
20256809,
26843250,
26843264,
26843272,
26843282,
26843289,
27413943,
27413946,
27413949,
25538945,
25538965,
25538978,
25538994,
25539010,
25539024,
25539048,
25538806,
25538841,
25538868,
25538889,
25538920,
25538924,
25649255,
25649280,
25649287,
25649238,
25649245,
26015663,
27413951,
27413956,
25539054,
25539080,
27413954,
26724366,
26724371,
26724378,
26843308,
26724370,
26724376,
26015659,
26015671,
26015685,
27188994,
27189006,
27189037,
27413942,
27413945,
27413948,
27413950,
26015433,
26015494,
26015520,
26015571,
26015655,
26015688,
25539065,
25539082,
25539095,
27891150,
27891159,
27891165,
27891170,
27891149,
27891155,
27891161,
27891169,
26724382,
26724389,
26724395,
26724404,
25539129,
25539184,
25539200,
25539227,
25539244,
25649335,
25649349,
25649363,
26015717,
26015744,
26015782,
26015809,
26015836,
26015713,
26015758,
26015784,
26015815,
25649326,
25649342,
25649352,
25649367,
25539131,
25539150,
25539163,
25539183,
25539207,
25539226,
25539239,
25539118,
25539141,
25539179,
25539204,
25539224,
25539242,
20258911,
26724385,
26724391,
26724396,
26724402,
26724408,
25649340,
25649354,
25539126,
25539146,
25539170,
25539202,
25539236,
20258913,
20258916,
25539260,
25539307,
20256819,
20256822,
20256825,
20256828,
20256831,
20258919,
20258924,
20258929,
26015877,
26015904,
26015926,
26015946,
26540210,
26540221,
26540230,
26540241,
26540250,
26540256,
26015875,
26015912,
26015932,
27891176,
27891182,
27891190,
27891196,
27891177,
27891187,
27891193,
25539262,
25539280,
25539298,
25539325,
25539336,
26724416,
26724422,
26724427,
25539251,
25539274,
25539299,
25539314,
25539329,
26015872,
26015914,
26015947,
26724414,
26724419,
26724421,
26724425,
26724428,
26724431,
20258934,
20258938,
20258942,
20258946,
20258950,
26016007,
26016039,
26016078,
26015999,
26016037,
27891201,
27891208,
27891215,
27891224,
26016004,
26016045,
26016079,
25649382,
25649388,
25649401,
27891200,
27891206,
27891214,
27891220,
26015990,
26016027,
26016055,
26016089,
26016128,
26016015,
26016046,
26016102,
25757897,
25539258,
25539279,
25539306,
25539322,
25649337,
25649353,
25649373,
26016010,
26016042,
26016096,
25649406,
25649417,
25649427,
25539349,
25539386,
25539407,
25539463,
25539366,
25539398,
25539453,
25539468,
27413957,
26015868,
26015903,
26015925,
26843350,
26843356,
26843363,
26015710,
26015738,
26015783,
26015812,
26015840,
26843319,
26843329,
26843339,
25539369,
25539405,
25539450,
25539470,
25539376,
25539411,
25539433,
25539451,
25539480,
25539375,
25539402,
25539425,
25539444,
25539481,
26015980,
26016018,
26016053,
26016087,
26016122,
25539352,
25539395,
25539431,
26016114,
26015998,
26016031,
20256836,
20256842,
26724433,
26724440,
26724446,
26724457,
26724464,
26724471,
26724478,
26724484,
26724434,
26724441,
26724447,
26724452,
26724459,
26724465,
26724473,
26724479,
26843380,
26843389,
26724435,
26724442,
26724448,
26724456,
26724466,
26724474,
26724483,
25539364,
25539388,
25539406,
25539423,
25539438,
25539473,
26015988,
26016026,
26016064,
26016113,
26015984,
26016020,
26016063,
26016109,
25539377,
25539412,
25539435,
25539454,
25539350,
25539373,
25539426,
25539441,
25539460,
25539478,
25539361,
25539390,
25539424,
25539443,
25539462,
20256850,
20256856,
20256862,
20256868,
25539527,
25539548,
25539568,
25539587,
25539611,
26016158,
26016196,
26016227,
26016255,
26016293,
26016344,
25539495,
25539520,
25539541,
25539562,
25539594,
25539610,
25539631,
27891231,
27891239,
27891245,
27891253,
27891259,
26016178,
26016209,
26016278,
26016313,
26724489,
26724495,
26724503,
26724512,
26724516,
26724524,
25539493,
25539513,
25539536,
25539567,
25539585,
25539615,
25539639,
26016177,
26016236,
26016271,
26016330,
26016174,
26016191,
26016274,
26016328,
25539507,
25539533,
25539561,
25539595,
25539616,
26016165,
26016189,
26016214,
26016250,
26016335,
27891230,
27891238,
27891250,
27891260,
26016176,
26016194,
26016266,
26016302,
26016341,
26724485,
26724493,
26724501,
26724509,
26390509,
26390534,
26390558,
25539502,
25539530,
25539564,
25539586,
25539607,
25539630,
26724488,
26724494,
26724500,
26724507,
26390499,
26390520,
26390545,
25539491,
25539515,
25539550,
25649462,
25649470,
25539500,
25539521,
25539546,
25649460,
25649468,
25539632,
25539647,
20258953,
20258957,
20258960,
20258963,
20258967,
25539270,
25539295,
25539310,
25539328,
25539338,
25539138,
25539162,
25539221,
26016011,
26016101,
26016009,
26016057,
25539510,
25539538,
25539569,
25539591,
25539613,
25539636,
26843408,
26843415,
26843417,
26843426,
26843433,
26843438,
26843442,
25539529,
25539563,
25539614,
25539528,
25539559,
25539580,
25539602,
25539634,
27413958,
27413959,
25539589,
25539617,
25539660,
26016423,
25539707,
25539728,
25539748,
26016394,
26016421,
26016454,
26016482,
27189211,
27189221,
27189232,
20256871,
20256875,
20256877,
20256880,
26540301,
26540312,
150761,
26390674,
26843450,
26843459,
25539717,
26843470,
27891262,
27891274,
27891280,
27891288,
27891293,
27189212,
27189224,
27189236,
27189209,
27189222,
27189233,
25539658,
25539676,
25539702,
25539718,
25539753,
25539766,
27891263,
27891270,
27891285,
27891292,
27189206,
27189217,
27189229,
27189213,
27189223,
27189238,
25539662,
25539679,
25539694,
25539712,
25539734,
25539750,
25539761,
25539671,
26016481,
26016401,
26016440,
26016460,
27189214,
27189225,
27189242,
26843444,
26843452,
26843460,
25539711,
26015723,
26015756,
26015789,
26015833,
26724381,
26724388,
26724394,
26724400,
26724407,
26016008,
26016034,
26016091,
26016005,
26016071,
26016154,
26016192,
26016218,
26016292,
26016325,
26016162,
26016200,
26016235,
26016281,
26016329,
26016360,
27189207,
27189219,
27189230,
26016399,
26016426,
26016459,
26016507,
25539673,
25539691,
25539710,
27189210,
27189220,
26016391,
26016417,
26016442,
26016471,
26016497,
20258973,
20258979,
20258984,
390890,
390913,
27891276,
27891286,
27891290,
390889,
390902,
390919,
150755,
26390668,
26390686,
27189208,
27189218,
27189227,
27189237,
25539783,
25539772,
25539792,
27891304,
25539778,
25539796,
25539774,
26016527,
26016568,
26016584,
27413960,
27413964,
25539785,
25539801,
26843476,
26843485,
26843496,
26843505,
26016518,
26016551,
26016589,
26016602,
27891300,
27891305,
27413963,
27413966,
27413961,
27413965,
26016520,
26016555,
27189215,
27189240,
26843451,
26843461,
26843467,
26843472,
25649485,
25649492,
26724491,
26724502,
26724510,
26724517,
26724522,
25649437,
25649444,
25649454,
25649471,
27188996,
27189013,
27189024,
27189035,
26016609,
26016611,
26016608,
26016610,
26016612,
25539849,
25539821,
25539844,
25539868,
25539881,
25539890,
27891307,
27891314,
27891323,
25649516,
25649522,
27891306,
27891313,
27891322,
25539823,
25539848,
25539869,
25539887,
25539900,
26016631,
26016683,
25539834,
25539859,
25539879,
25539891,
25539828,
25539854,
26724531,
26724537,
26724542,
26016626,
26016644,
26016670,
26016702,
26724533,
26724539,
20256890,
26724530,
26724536,
20258987,
25649538,
27891331,
27891338,
27891347,
27891334,
27891345,
26724543,
26724547,
26724554,
26724559,
25539912,
25539933,
25539950,
25539984,
25540020,
25540034,
26016760,
26016787,
26016796,
26016821,
26016862,
25539909,
25539937,
25539967,
25539993,
25540015,
25540030,
26016753,
26016786,
26016833,
26016860,
25539914,
25539936,
25539956,
25539989,
25540007,
26724545,
26724548,
26724556,
20256892,
20256899,
26724544,
26724552,
26724558,
26724563,
20258992,
20258996,
20259002,
20259007,
25539924,
25539947,
25539975,
25539996,
25540013,
26016755,
26016788,
26016801,
26016837,
25539938,
25539960,
25539983,
25539939,
25539961,
25539986,
25540010,
25539941,
25539985,
25540008,
26843542,
26843550,
26016623,
26016653,
26016681,
26016706,
26016727,
25539850,
25539846,
26843513,
26843522,
26843528,
26843534,
26016629,
26016671,
26016700,
26016731,
26016525,
26016588,
26016599,
26016758,
26016817,
26016839,
26016870,
25539835,
25539858,
25539923,
25539943,
25539980,
25540022,
26524944,
26524949,
151037,
151057,
151077,
27189308,
27189319,
27189336,
27891368,
27891378,
27891392,
27891404,
27891359,
27891370,
27891379,
27891390,
27891403,
25540065,
25540097,
25540126,
25540038,
25540059,
25540080,
26017000,
26017052,
25649554,
25649564,
25649576,
27189302,
27189312,
27189328,
26016901,
26016934,
26017011,
26017038,
26017067,
27891364,
27891375,
27891386,
27891400,
27189303,
27189313,
27189323,
27189338,
26524945,
26524950,
391215,
25540041,
26391058,
25540098,
25540116,
25540145,
27189300,
27189310,
27189321,
27189331,
20256908,
20256915,
151040,
151064,
151092,
26843570,
26843581,
26843590,
26843601,
26843604,
26016900,
26016959,
26017002,
26017046,
26017072,
26016893,
26016929,
26016960,
26016992,
26017025,
26017059,
25540049,
25540064,
25540096,
26017006,
26016896,
26016927,
26016982,
26017020,
26017051,
26017071,
25540039,
25540062,
25540072,
25540091,
25540117,
25540133,
20259012,
20259015,
20259020,
20259022,
27189301,
27189316,
27189324,
27189332,
27189304,
27189317,
27189334,
27891366,
27891388,
27891407,
27891365,
27891376,
27891387,
27891401,
25540067,
25540131,
27891363,
27891373,
27891383,
27891398,
25540047,
25540081,
25540101,
25540119,
25540138,
25649587,
25649594,
25649598,
27891412,
27891418,
25540153,
25540174,
25540186,
25540206,
25540230,
25540246,
27891411,
27891417,
27891423,
26017117,
26017143,
26017203,
26017259,
26017282,
25540157,
25540176,
25540191,
25540223,
25540255,
26724567,
26017192,
26017235,
20256928,
20256933,
20256938,
26017100,
26017166,
26017186,
26017223,
26017250,
26017269,
27189347,
27189357,
27189369,
27189346,
27189354,
27189371,
26391206,
25540165,
25540188,
25540218,
25540242,
25540262,
25540278,
25540156,
25540177,
25540199,
25540215,
25540234,
25540256,
25540272,
25540285,
26017105,
26017136,
26017196,
26017241,
26017286,
20259026,
20259031,
20259035,
26843606,
26843615,
26843623,
26843613,
25540213,
25540229,
26017096,
26017121,
26017149,
26017185,
26017232,
26017283,
26843614,
25540198,
25540226,
25540163,
25540181,
25540210,
25540235,
25540270,
25540284,
26843612,
25540208,
25540252,
27189307,
27189320,
27189333,
26017314,
26017370,
26017406,
26017446,
26017376,
26017410,
26017374,
26017437,
26017337,
26017395,
26017452,
25540316,
25540354,
25540387,
26901800,
26901805,
25540408,
26017389,
26017444,
27891430,
27891438,
27891445,
25540314,
25540338,
25540372,
25540390,
25540409,
25540427,
27891429,
27891435,
27891440,
27891449,
25540294,
25540319,
25540345,
25540363,
25540379,
25540425,
26017338,
26017373,
25540297,
25540329,
26017423,
25540415,
26901799,
26901804,
26901810,
25540410,
20256946,
20256951,
20256961,
26017348,
26017390,
26017424,
26017455,
25540308,
25540337,
25540353,
25540374,
25540402,
26843631,
26843638,
26843647,
26843651,
26843663,
26017318,
26017360,
26017422,
26017469,
26017490,
26017339,
26017394,
26017442,
27413967,
25540344,
25540360,
25540405,
26017310,
26017333,
26017386,
26017336,
26017412,
26724574,
26724577,
26724580,
26724582,
25540307,
25540330,
25540371,
25540397,
25540424,
26843643,
26843653,
20259036,
20259038,
20259040,
26524954,
26524956,
26017438,
25540317,
25540334,
25540368,
25540433,
25540435,
27891455,
27891463,
20256967,
27891452,
27891460,
27413974,
26017523,
26017554,
26017578,
26017606,
26413973,
27413976,
26017520,
26017552,
26017586,
25540444,
26843670,
26843677,
26017501,
26017530,
26017544,
26017570,
26017593,
25540453,
25649640,
25649646,
27413972,
27413975,
27413977,
25540442,
26017505,
26017538,
20259043,
25540500,
25540527,
25540552,
25540483,
25540505,
25540521,
25540587,
27891464,
27891472,
27891479,
27891493,
20256971,
20256977,
20256984,
27891465,
27891473,
27891480,
27891489,
27891502,
25649650,
25649658,
25649666,
25649673,
26017638,
26017675,
26017715,
26017743,
26017760,
27189431,
27189440,
27189449,
27189429,
27189438,
27189447,
27891498,
26017639,
26017667,
26017695,
26017732,
26017755,
26724587,
26724595,
26724600,
26724610,
26724615,
25540492,
25540514,
25540545,
25540574,
25540590,
26724584,
26724590,
26724594,
26724601,
26724611,
25540481,
25540508,
25540535,
25540555,
25540578,
26724588,
26724593,
26724603,
26724613,
26724618,
27413978,
27413980,
27413982,
25540619,
25540651,
25540674,
25540688,
26724621,
26724624,
26724628,
26724630,
25649680,
25649691,
25649697,
25649709,
25540617,
25540644,
25540667,
25540685,
25540699,
27891506,
27891514,
27891521,
27891532,
27891539,
27891511,
27891518,
27891527,
27891537,
25540602,
25540628,
25540652,
26724619,
26724623,
26724625,
26724627,
26724629,
26724632,
26540491,
26540500,
26540507,
26540512,
26540517,
26540523,
26017785,
26017812,
26017847,
26017878,
25540613,
25540641,
25540659,
25540684,
25540698,
25540623,
25540642,
25540670,
26843715,
26843720,
26843725,
26843731,
20257006,
20257012,
25540733,
25540750,
25540806,
25540717,
25540740,
25540756,
25540786,
25649724,
25649747,
25649763,
25649775,
27891546,
27891581,
27891597,
27891607,
25649726,
25649757,
25649772,
27891542,
27891554,
27891564,
27891573,
27891586,
27891596,
27891606,
26524991,
26524994,
26524997,
26525000,
27891604,
27891550,
27891561,
27891574,
27891583,
27891600,
26017931,
26017979,
26018035,
26018092,
25540701,
25540724,
25540745,
25540775,
25540800,
25540814,
26724636,
26724644,
26724652,
26724661,
26724670,
26724677,
26724638,
26724646,
26724654,
26724663,
26724669,
26724673,
26724681,
25540734,
25540755,
25540777,
25540793,
25540813,
27189432,
27189443,
27189453,
26843691,
26843702,
20259046,
20259055,
20259062,
20259069,
20259075,
20259081,
27189430,
27189441,
27189450,
27891499,
26017620,
26017654,
26017690,
26843693,
20259083,
20259086,
20259089,
25540622,
25540658,
25540675,
26017779,
26017807,
26017864,
26017892,
25540624,
25540643,
25540665,
20259092,
20259095,
20259100,
20259105,
25649727,
25649748,
25649764,
25649777,
26017933,
26017987,
26018030,
26018056,
26018097,
26524990,
26524995,
391571,
391589,
27413984,
27413987,
27413988,
27413985,
25649725,
25649741,
25649728,
25649742,
25649759,
25649771,
26724635,
26724642,
26724648,
26724655,
26724662,
26724672,
26724679,
27891552,
27891563,
27891572,
27891584,
27891598,
26017925,
26017972,
26018022,
26018063,
26018101,
27413986,
26843744,
26843750,
26018143,
26018193,
26018225,
26018256,
26018301,
20257020,
20257027,
20257034,
20257041,
20257052,
27891615,
27891622,
27891627,
27891636,
27891645,
25649796,
25649816,
25649833,
25649790,
25649811,
25649831,
25649849,
25649795,
25649815,
25649828,
25649852,
25649793,
25649813,
25649843,
25649788,
25649806,
25649819,
25649837,
25649858,
26843764,
26843777,
26843784,
26843793,
26724682,
26724689,
26724695,
26724702,
26724708,
26391908,
26391932,
26843766,
26843772,
26843782,
26843792,
25649792,
25649812,
25649824,
25649848,
25540834,
25540845,
25540864,
25540887,
25540914,
25540927,
26018151,
26018199,
26018253,
26018287,
26018326,
26018131,
26018181,
26018221,
26018260,
26018314,
25540836,
25540853,
25540872,
25540892,
25540911,
25540930,
26724688,
26724693,
26724699,
27891630,
27891641,
391666,
26391951,
27891611,
27891619,
27891625,
27891634,
27891648,
25540824,
25540847,
25540870,
25540884,
25540904,
25540918,
25540936,
25540831,
25540869,
25649791,
25649810,
25649827,
25649845,
25649859,
25649789,
25649808,
25649836,
25649855,
27891553,
27891565,
27891575,
27891591,
25540490,
25540512,
25540529,
25540569,
26843738,
26843743,
26843747,
26843753,
26843759,
26843767,
25540890,
25540917,
26724685,
26724691,
26724698,
27891631,
27891644,
26391925,
26391952,
25540959,
25540986,
20257060,
20257065,
26525020,
26525027,
26525032,
26525026,
26525031,
27891656,
27891663,
27891672,
27891687,
27891696,
26525021,
27891666,
27891684,
27891657,
27891664,
27891674,
27891683,
27891692,
26525022,
26525028,
26525033,
25540956,
25540980,
25540997,
25541008,
26525023,
26525029,
25540961,
25540985,
25540999,
26843796,
26843802,
26843806,
27891551,
27891562,
27891571,
27891592,
27891602,
25649798,
25649817,
25649834,
25649853,
26525024,
391737,
25540948,
25540979,
27891701,
27891712,
27891702,
27891710,
25541016,
25541033,
25541055,
25541072,
25541029,
25541045,
25541064,
25541076,
25649897,
25649901,
25649909,
20257071,
20257074,
20257079,
20257085,
25540974,
26018358,
26018397,
26018445,
26525025,
26525030,
26018356,
26018398,
26018451,
26018472,
26018491,
391688,
391712,
391735,
26724733,
391685,
391706,
391721,
26724729,
26018345,
26018372,
26018438,
26018462,
26018383,
26018407,
26018446,
25540950,
25540987,
25541000,
25541011,
20259144,
20259147,
26018152,
25540822,
25540866,
25540882,
26018316,
20259111,
20259117,
20259123,
20259129,
20259135,
20259142,
25540708,
25540738,
25540759,
25540779,
25540812,
26017782,
26017809,
26017841,
26017884,
25540608,
25540630,
25540656,
25540692,
27413979,
27413981,
27413983,
26017623,
26017656,
26017680,
26017714,
26017739,
391686,
391705,
391725,
391749,
26018512,
26018529,
26018555,
26843814,
26843828,
25541027,
25541044,
25541058,
25541077,
26018525,
26018508,
26018524,
26018543,
25541025,
25541043,
25541061,
20259149,
26018510,
26018530,
26018556,
25541024,
25541041,
25541062,
25649914,
25649926,
25649935,
26018578,
26018621,
26018645,
26018663,
26018572,
26018600,
26018609,
26018626,
26018652,
26018670,
27189618,
27189635,
27189646,
25541100,
25541121,
25541145,
25541163,
25649915,
25649919,
25649933,
25649942,
27891721,
27891726,
27891735,
27891749,
26724737,
26724742,
26724747,
26724754,
27891557,
27891566,
27891576,
27891593,
27891603,
26017794,
26017820,
26017856,
25541102,
25541120,
25541137,
25541156,
25541169,
25541180,
26018576,
26018610,
26018634,
26018659,
26018688,
27189620,
27189630,
27189648,
27189617,
27189639,
27189650,
27189622,
27189633,
27189651,
27891720,
27891727,
27891736,
27891740,
27891754,
25649917,
25649927,
25541104,
25541116,
25541138,
25541155,
25541171,
26724735,
26724741,
26724746,
26724752,
26724756,
26724760,
20257093,
20257101,
20257110,
20257118,
20257124,
20257131,
25540973,
25540975,
26843765,
26843774,
26843786,
25541094,
25541114,
25541131,
26018680,
25541108,
25541132,
25541148,
25541175,
25541109,
25541127,
25541152,
27891759,
27891766,
27891772,
27891785,
27891800,
27891760,
27891770,
27891775,
27891782,
27891801,
391911,
391936,
391949,
391965,
391981,
20257142,
20257147,
20257153,
26018748,
26018783,
26018821,
25541201,
25541221,
25541247,
25541260,
25541273,
25541289,
25541301,
25649954,
25649967,
25649979,
25649989,
25650004,
25541204,
25541225,
25541248,
25541263,
25541290,
25541305,
25541197,
25541219,
25541237,
25541253,
25541205,
25541222,
25541234,
25541250,
25541262,
25541276,
26018726,
26018755,
26018800,
26018858,
391919,
391935,
391942,
391960,
391983,
26724763,
26724767,
26392313,
26392347,
27189621,
27189649,
0,
25541213,
25541258,
25541274,
27413968,
27413969,
27413970,
27413971,
26018595,
26018633,
26018682,
26843837,
26843854,
26843864,
20259153,
20259154,
25541092,
25541113,
25541129,
25541150,
25541190,
26018741,
26843867,
26843874,
26843882,
20259156,
20259159,
20259162,
20303931,
25541195,
25541215,
25541235,
25541268,
25541212,
25541241,
25541259,
25541287,
25541324,
25541355,
392003,
392019,
392033,
392042,
26724792,
26018898,
26018951,
26018981,
26019024,
26843899,
26843917,
26843932,
25650014,
25650024,
25650032,
26018891,
26018914,
26018959,
26018978,
26019018,
20257156,
20257164,
20257169,
26724773,
26724778,
26724781,
26724785,
26724790,
26724795,
392004,
392021,
26724786,
26724791,
26724797,
25541326,
25541350,
25541367,
27891816,
27891828,
27891839,
27891849,
27891857,
27891866,
26843900,
25541347,
25541373,
26843889,
26843904,
26843911,
26843916,
26843930,
25541321,
25541343,
25541365,
25541387,
20259164,
20259169,
20259174,
20259179,
20259184,
20259189,
27891815,
27891827,
27891838,
27891851,
27891865,
27891872,
27189616,
27189625,
27189637,
27189652,
26525039,
26525044,
27189614,
27189627,
27189634,
27189619,
27189628,
27189647,
26018878,
26018908,
26018946,
26018985,
25541311,
25541363,
25541375,
25541389,
25541402,
25541314,
25541336,
25541348,
25541374,
20259197,
20259200,
20259203,
25541428,
25541459,
25541501,
26019051,
26019082,
26019126,
25847393,
27891875,
27891893,
27891900,
27891913,
25650048,
25650056,
25650065,
25541414,
25541442,
25541463,
25541486,
25541514,
25541549,
25541561,
26019053,
26019091,
26019143,
25847404,
25541426,
25650060,
20257178,
20257182,
20257189,
20257193,
20257196,
20257199,
25541419,
25541446,
25541476,
25541505,
25541534,
25541427,
25541460,
25541487,
25541513,
25541532,
25541417,
25541451,
25541473,
25541506,
25541536,
25541569,
25541406,
25541435,
25541452,
25541474,
25541493,
25541515,
25541541,
25541562,
27891876,
27891887,
26843902,
26843913,
26843926,
26019073,
26019164,
27413990,
27413993,
27413997,
27414001,
27413989,
27413992,
27413996,
27414000,
27413991,
27413994,
27413998,
27414003,
26843943,
26843948,
26843955,
26843959,
25650075,
25650081,
25650091,
25650102,
25650114,
25650117,
27891927,
27891934,
27891942,
27891952,
27891920,
27891931,
27891946,
25541580,
25541599,
25541613,
25541632,
25541664,
25541688,
25541583,
25650088,
25650099,
25650112,
25541696,
27414005,
27414008,
27414011,
25541680,
27414004,
27414007,
27414010,
27414013,
27414006,
27414009,
27414012,
27414014,
25541585,
25541601,
25541622,
25541637,
25541667,
25541694,
26019218,
26019245,
26019278,
26019335,
26019387,
26724798,
26724802,
26724807,
26724811,
26724816,
26392733,
26843974,
26843980,
25541638,
25541660,
25541572,
25650086,
25650098,
25541657,
25541675,
25541700,
20257206,
20257210,
20257215,
20257225,
20257233,
20257244,
26018721,
26018751,
26018776,
26018807,
26018829,
26018875,
26018907,
26018940,
26018980,
26019070,
26019095,
26019140,
25847406,
26019200,
26019232,
26019273,
26019198,
26019227,
26019254,
26019333,
26019386,
26019413,
20257205,
20257212,
20257217,
20257230,
20257240,
27189796,
27189810,
27189826,
27189837,
26724800,
26724805,
26724809,
26724813,
26724817,
26724819,
26019215,
26019314,
26019357,
26019393,
26019414,
25541403,
25541437,
25541470,
25541491,
25541516,
25541542,
25541555,
25541568,
25541570,
25650080,
25650089,
25650103,
25650113,
25650120,
26017951,
26017986,
26018054,
901954,
25541721,
392239,
25541723,
25541738,
26019439,
26019460,
26019479,
26019492,
25541731,
26019438,
26019456,
26019478,
25541718,
25541713,
26844005,
26844013,
26019452,
26019469,
26019459,
26019472,
27189855,
27189872,
26019527,
26019556,
26019586,
25541782,
25541811,
27891964,
392296,
27891962,
27891970,
392282,
392260,
392274,
392288,
25541784,
25541804,
25541825,
25541762,
25541785,
25541805,
25541829,
25541840,
26019508,
26019540,
26019618,
25541765,
25541786,
25541807,
25541828,
26019534,
26019573,
26019600,
392261,
392275,
392291,
26724833,
392259,
392273,
392284,
392297,
26724834,
25541774,
25541793,
25541820,
20257250,
25541763,
25541788,
25541815,
25541752,
25541776,
25650132,
25541783,
25541812,
26019519,
26019547,
26019554,
26019584,
20257253,
20257261,
20257268,
20257275,
27891979,
27891986,
27891997,
27892009,
27891980,
27891988,
27892002,
27892014,
26724837,
26724844,
26724850,
26724856,
26724863,
25541874,
25541899,
25541922,
25541942,
25650152,
25650164,
25650176,
25541854,
25650155,
25650169,
25541926,
25541948,
25541866,
25541882,
26019726,
25541939,
25541956,
26019645,
26019678,
26019718,
26019761,
26019626,
26019658,
26019693,
26019736,
26019795,
25541863,
25650163,
25541918,
25541937,
25541958,
26724838,
26724847,
26724853,
26724857,
26724864,
25541856,
25541875,
25541902,
25541913,
25541933,
25541952,
26724839,
26724845,
26724852,
26724858,
25541873,
25650167,
25650179,
25541864,
25541886,
25541923,
25541944,
26844031,
26844038,
26844049,
20259219,
20259223,
25650127,
25650134,
25650141,
26844068,
26844079,
26844087,
26019649,
26019679,
26019721,
26019756,
26019790,
20259224,
20259228,
20259233,
20259238,
20259243,
20259246,
20259249,
20259251,
26019627,
26019659,
26019690,
26019731,
26019770,
25541889,
25541924,
26019842,
26019869,
26019909,
27892025,
27892052,
27892061,
27892072,
27892077,
27892024,
27892034,
27892051,
27892059,
27892068,
27892076,
25650187,
25650213,
25650228,
25650245,
25650197,
25650219,
25650239,
25541976,
25542001,
25542023,
25542037,
25650195,
25650206,
25650225,
25650244,
26844094,
26844107,
26844119,
25541985,
26019881,
25542021,
25542030,
25542047,
25650196,
25650207,
25650216,
25650233,
20257277,
25542002,
25542028,
25541971,
25541993,
25542014,
25542035,
25542051,
26019820,
26019864,
26019897,
26019939,
26019832,
26019856,
26019925,
26019835,
26019857,
26019882,
26019907,
25541974,
25541997,
25542026,
20257280,
25650250,
25650258,
25650264,
25650268,
27892082,
27892089,
27892102,
27892116,
26019978,
26020007,
26020065,
26020094,
25541992,
25542009,
25542025,
27414015,
25542111,
25542125,
25542152,
25542083,
25542104,
25542136,
25542157,
25542177,
20257285,
20257292,
20257295,
20257300,
20257306,
20257310,
20257314,
20257317,
26019955,
26019987,
26020011,
26020074,
26020107,
26019972,
26020006,
26020033,
26020073,
25542066,
25542103,
25542131,
25542163,
25542181,
26724865,
26724868,
26724870,
26724873,
26724876,
26724878,
26724867,
26724871,
26724875,
26724879,
26724866,
26724869,
26724872,
26724874,
26724877,
26724880,
25542075,
25542095,
26020066,
25542166,
25542191,
27892080,
27892088,
26019975,
26020000,
26020038,
26020072,
26020106,
20560789,
20560798,
25542062,
25542079,
25542101,
25542117,
25542142,
25542160,
25542179,
20257320,
20257324,
20257327,
27892121,
27892129,
27892138,
27892148,
25542205,
25542231,
25542244,
25542264,
25542275,
25542288,
25542310,
25650286,
25650303,
25650312,
25542201,
25650291,
25650296,
25650305,
25650313,
27892120,
27892131,
27892142,
27892152,
26020190,
26020213,
26020242,
26020264,
27414016,
27414019,
25542280,
25542302,
25542320,
26724890,
26724898,
26724905,
26724911,
26724918,
26724924,
26724933,
26724888,
26724893,
26724899,
26724904,
26724912,
26724920,
26724926,
26724884,
26724894,
26724903,
26724910,
26724917,
26724930,
25542208,
25542239,
25542253,
25542290,
25542311,
25542325,
25542215,
25542234,
25542248,
25542268,
25542279,
25542295,
25542314,
25542327,
25542333,
25542336,
25542357,
25542338,
25542354,
25542371,
392616,
392626,
392639,
26020377,
392615,
392627,
392641,
26844160,
26844172,
26844127,
26844135,
26844141,
26844151,
25542073,
25542098,
25542146,
25542171,
25542193,
25541987,
25542012,
25542033,
26020176,
26020215,
26020243,
26020278,
26020296,
26020328,
27414018,
20259263,
20259265,
20259269,
27414017,
25542252,
25542270,
25542297,
25542312,
26020182,
26020214,
26020252,
26020274,
26020307,
26020330,
25542213,
25542227,
25542296,
26020375,
26020392,
25542345,
25542359,
25542373,
25542389,
26724940,
26724946,
26724950,
26020368,
26724935,
26724941,
26724947,
26724939,
26724945,
26724951,
25542347,
25542368,
26020179,
26020205,
26020239,
26020273,
26020291,
26020322,
25541984,
152310,
152327,
25542082,
25542115,
25542133,
25542185,
20257333,
20257339,
20257346,
26020371,
25542396,
25542427,
25542450,
25542464,
27892161,
27892183,
27892194,
27892216,
26020440,
26020500,
26020525,
27892160,
27892173,
27892185,
27892200,
27892214,
25542397,
25542426,
25542452,
392668,
392680,
392698,
26540951,
26540965,
26540975,
26540950,
26540963,
26540968,
26020437,
26020473,
26020509,
26020527,
25542392,
25542412,
25542432,
25542447,
25542465,
20257350,
20257361,
20257377,
20257391,
20257399,
20257405,
25542415,
25542436,
26020442,
26020476,
26020510,
26020534,
25650324,
25650335,
25650349,
20259274,
20259277,
20259282,
20259286,
20259290,
20259293,
20259299,
20257401,
25542407,
26020505,
25542457,
25650327,
25650334,
25650343,
25650353,
20257411,
20257419,
20257425,
25650370,
25650380,
25650386,
25650395,
26020600,
26020642,
26020670,
27892217,
27892222,
27892238,
27892257,
27892218,
27892227,
27892237,
27892251,
27892262,
25542472,
25542495,
25542515,
25542538,
25542563,
25542593,
25542624,
25542481,
25542504,
25542522,
25542551,
25542572,
25542594,
26724969,
26724977,
26724983,
20259301,
20257424,
20257429,
25542470,
25542493,
25542513,
25542535,
25542556,
25542576,
25542596,
25542616,
25542636,
26724972,
26724979,
26724985,
26724991,
26724995,
26020594,
26020623,
26020660,
26020692,
26020731,
26020774,
26020800,
26724970,
26724976,
26724980,
26724986,
26844228,
26844234,
26844239,
26844245,
26844252,
26020598,
26020639,
26020693,
26020758,
25650371,
25650384,
26020717,
26020762,
25542467,
25542489,
25542512,
25542531,
25542550,
25542564,
25542587,
25542620,
25542638,
25650356,
25650365,
25650379,
25650392,
26020591,
26020625,
26020678,
26020654,
26020698,
26020726,
26020761,
26020793,
25542405,
25542424,
25542442,
25542459,
25542414,
25650342,
26020432,
26020471,
26020486,
26020515,
26020538,
20257433,
20257436,
20257440,
20257446,
20257451,
26020851,
26020885,
26020913,
26020925,
26020938,
27892267,
27892275,
27892287,
27892298,
27892269,
27892279,
27892289,
27892306,
25542648,
25650421,
25650436,
25650441,
25542644,
25650413,
25650424,
25650437,
25542774,
26724997,
26725003,
26725012,
26725020,
26725026,
26724999,
26725011,
26725019,
26725027,
26725000,
26725006,
26725010,
26725016,
26725018,
26725023,
26395949,
26020848,
26020882,
26020917,
26020935,
26020857,
26020887,
26020918,
26020944,
25542654,
25650418,
25542730,
25542746,
25542766,
25542662,
25542683,
25542699,
25542714,
25542738,
25542754,
25542776,
26020855,
26020903,
26020939,
26020958,
27414020,
27414023,
27414026,
27414029,
27414031,
20259310,
20259324,
26844255,
26844263,
26844268,
26844273,
26844276,
26844280,
25542652,
25542672,
25542689,
25542479,
25542506,
25542533,
25542555,
25542589,
25542614,
25542635,
20257461,
20257463,
20257467,
26020993,
26021043,
26021086,
26021110,
27892310,
27892320,
27892333,
27892346,
27892356,
27892311,
27892323,
27892336,
27892350,
27892358,
27414034,
27414038,
27414041,
27414044,
25542879,
25542790,
25542809,
25542845,
25542860,
25542882,
26725029,
26725041,
26725049,
26725057,
26725064,
26725031,
26725048,
26725056,
26725062,
26844287,
26844294,
26844302,
26844309,
25542789,
26021078,
25542880,
25542900,
26020991,
26021020,
26021046,
26021092,
25542798,
25542814,
25542825,
25542842,
25542873,
25542897,
25542908,
26020994,
26021022,
26021053,
26021093,
25542413,
25542435,
25650372,
27414021,
27414024,
27414027,
27414030,
27414033,
25542770,
25650407,
25650415,
25650431,
25650442,
27414036,
27414039,
27414042,
27414045,
25542885,
27414035,
27414037,
27414040,
27414043,
26020987,
26021024,
26021082,
26021104,
25650452,
25650462,
25650471,
25542806,
25542827,
25542853,
25542892,
25542912,
20259327,
20259332,
20259337,
20259340,
20259344,
20259346,
20259347,
20259352,
20259357,
20259362,
20259367,
20259372,
20257477,
20257484,
25542914,
25650490,
25542957,
25542976,
20257472,
20316205,
20316212,
26021154,
26021188,
26021213,
26021252,
25542917,
25650487,
25650497,
25650510,
26021150,
26021186,
26021218,
26021245,
27892362,
27892372,
27892387,
27892395,
27892363,
27892369,
27892378,
27892392,
25650495,
25650507,
25542934,
25542951,
25542971,
25542980,
25542990,
25542998,
26021157,
26021196,
26021229,
26021272,
25543011,
26525103,
26525104,
26021158,
26021201,
26021227,
26021260,
27414022,
27414025,
27414028,
27414032,
25542765,
26725032,
26725036,
26725043,
26725051,
26725063,
25650491,
25650501,
26844320,
26844327,
26844341,
26725066,
26725072,
27892380,
27892393,
392903,
392917,
392931,
26541145,
26541153,
25542925,
25542946,
25542963,
25542984,
25650493,
25650503,
25650512,
26725067,
26725073,
26021308,
25542999,
25543012,
25543018,
25543005,
25543016,
25543021,
25650481,
25650489,
25650506,
25650516,
25542926,
25542944,
25542958,
25542988,
25542997,
25542800,
25542824,
25542863,
25542881,
25542902,
25543006,
25543017,
27892397,
27892399,
27892401,
26021334,
26021353,
26021359,
26021372,
26021331,
26021335,
25543024,
25650526,
25650541,
25650552,
26725081,
26725085,
26725090,
26725095,
26725082,
26725086,
26725089,
26725094,
26725096,
25650534,
25650549,
20259381,
25543039,
25543059,
25543076,
26844359,
26844369,
26844375,
26844384,
26844390,
25543031,
25543050,
25543069,
25543041,
25543053,
25543064,
26725102,
26725108,
26541215,
27892404,
27892413,
27892424,
27892432,
27892406,
27892416,
27892426,
27892434,
25543094,
25543112,
25543137,
25543167,
25543186,
26021402,
26021430,
26021458,
26021475,
25543078,
25543099,
25543114,
25650589,
25543164,
25543178,
25543087,
25543106,
25543123,
25543143,
26725103,
26725109,
26541211,
26541226,
26725099,
26725107,
26541210,
26844400,
26844407,
26844416,
26844424,
26844432,
27414047,
27414045,
25650532,
25650547,
25650533,
25650540,
25543032,
25543051,
25543068,
27414046,
27414049,
27414052,
27414048,
27414051,
26021403,
26021429,
26021417,
26021445,
26021470,
25543085,
25543104,
25543126,
25543144,
25543162,
25543185,
26021399,
20259385,
20259388,
20247516,
20247522,
20247525,
27892437,
27892443,
27892450,
27892460,
27892439,
27892444,
27892455,
25543221,
25543240,
25543266,
25543223,
25543251,
25543206,
25543228,
25543243,
25543263,
25543280,
25543296,
25543303,
26021513,
26021546,
26021578,
26021613,
26021648,
26021665,
25543216,
25543242,
25543259,
25543282,
25543210,
25543229,
25543249,
25543269,
25543278,
26725118,
26725123,
26725128,
26725134,
26725140,
20259391,
26725120,
26725126,
26725132,
26725139,
26021505,
26021549,
26021586,
26021620,
26021651,
25543196,
26021510,
26021566,
26021596,
26021638,
26021659,
25543222,
25543250,
25543273,
25543198,
25650617,
25650629,
25650641,
25650605,
25650614,
25650624,
26844447,
26844457,
26844467,
26725119,
26725125,
26725129,
26725136,
27892468,
27892475,
27892488,
27892499,
27892470,
27892481,
27892494,
25543323,
25543338,
25650668,
25543421,
26021703,
26021749,
26021784,
26021849,
26021704,
26021731,
26021753,
26021776,
26021801,
26021838,
26021856,
25650648,
25650654,
25650658,
25650665,
25543328,
25543365,
25543378,
26725146,
26725150,
26725157,
26725162,
25543315,
25543334,
25543344,
25543364,
25543381,
25543403,
25543415,
26725147,
26725154,
26725158,
26725163,
26725170,
26844488,
26844499,
26844508,
26844515,
26844519,
26844526,
25543326,
25543350,
25543366,
25543392,
25543097,
25543110,
25543124,
25543138,
25543155,
25543171,
25650565,
25650581,
25650590,
25650595,
26725084,
26725080,
26725088,
26725092,
20247503,
20247508,
26021516,
26021553,
25543313,
25543337,
25650662,
25650675,
25543424,
27414053,
27414056,
27414059,
27414062,
27414065,
20247531,
20247536,
27414054,
27414057,
27414060,
27414063,
26021886,
27892506,
27892507,
27892515,
27414066,
27414069,
27414073,
26021884,
26021908,
26844533,
26844541,
26844546,
25543445,
25543460,
25543474,
25543493,
25543515,
25543447,
25543466,
26725171,
26725178,
26725189,
25543434,
25543454,
25543487,
25543506,
26021896,
25543442,
25543462,
25543485,
25543504,
26725172,
26725180,
26725186,
25543432,
25543475,
25543495,
25543514,
27414067,
27414070,
27414074,
26021695,
26021736,
26021771,
26021795,
26725145,
26725149,
26725153,
26725156,
26725160,
26725166,
26725169,
27414055,
27414058,
27414061,
27414064,
27414068,
27414072,
26725175,
26725182,
26725187,
20259398,
20259400,
20259403,
20259407,
20259410,
25650525,
25650539,
27892521,
27892530,
27892539,
27892544,
25543547,
25543565,
25543585,
25543620,
25543642,
25543657,
27892516,
27892528,
27892536,
27892543,
25543559,
25543586,
25543604,
25543637,
25543674,
26021966,
26022052,
26022094,
26022135,
25650697,
25650703,
25650708,
25650715,
25650723,
20247561,
20247567,
25543549,
25543567,
25543587,
25543602,
25543619,
25543643,
25543659,
25543676,
26725193,
26725199,
26394911,
26394925,
26394948,
20259411,
20259416,
20259421,
20259426,
20259431,
20259436,
20259441,
26725195,
26725201,
26725206,
26725213,
26021963,
26022001,
26022035,
26022075,
26022115,
26022180,
25543544,
25543579,
25543598,
25543617,
25543636,
25543654,
25543670,
25543680,
25543558,
25543578,
25543609,
25543638,
25543668,
26844555,
26844563,
26844572,
26844575,
26844586,
26844600,
25543539,
25543562,
25543593,
25543610,
25543625,
25543647,
25543667,
25543537,
25543556,
25543574,
25543594,
25543633,
25543656,
25543678,
25543560,
25543580,
25543606,
25543640,
25543658,
25543673,
25543698,
25543715,
26022227,
26022250,
26022291,
26022333,
27892548,
27892556,
27892563,
27892569,
27892578,
25543729,
25543695,
25543755,
25543769,
25543786,
25543812,
27892547,
27892555,
27892562,
27892579,
25543709,
25543738,
25543759,
25543789,
25543818,
20247572,
20247580,
20247586,
20247592,
20247594,
20247599,
25543700,
25543718,
25543739,
25543770,
25543799,
25543820,
26022225,
26022255,
26022278,
26022336,
26022383,
26844605,
26844620,
26844628,
26844633,
26844638,
26725222,
26725230,
26725237,
26725245,
25543689,
25650743,
25650751,
25650759,
25543810,
26725217,
26725224,
26725228,
26725236,
26725243,
26022218,
26022259,
26022317,
26022377,
25650734,
25650735,
25650746,
25650755,
25543712,
25543731,
25543747,
25543772,
25543808,
26021881,
26022222,
25816184,
25816205,
26022340,
25543687,
25543724,
25543743,
25543762,
25543782,
25543803,
25543826,
26021949,
26021976,
26022088,
26022132,
26022153,
26022185,
20259445,
20259447,
20259449,
20259450,
27892582,
27892594,
27892602,
27892611,
27892590,
27892600,
27892612,
25543843,
25543865,
25543884,
25543903,
25543937,
25543947,
25543964,
25543845,
25543863,
25543887,
25543914,
25543935,
25543951,
25543962,
25543840,
25543861,
25543880,
25543894,
25543912,
25543946,
26022425,
26022444,
26022467,
26022501,
26022533,
26022423,
26022450,
26022495,
26022520,
26022557,
25759858,
25759872,
25759886,
26725253,
26725258,
26725261,
26725265,
26022420,
26022484,
26022514,
26022552,
20259451,
20259456,
20259464,
20259468,
25650769,
25650776,
25650787,
25543859,
25543889,
25543858,
25543881,
25543904,
25543928,
26022416,
26022441,
26022462,
26022515,
26022554,
26844644,
25543870,
26844664,
26844672,
26844682,
26844690,
25543711,
25543733,
25573751,
26725223,
26725229,
26725235,
26725246,
26725273,
26725280,
26725287,
27892616,
27892623,
27892633,
27892651,
25543981,
25543996,
25544022,
25544043,
25544061,
25544079,
25544103,
25543978,
25543993,
25544012,
25544033,
25544053,
25544075,
25544101,
26022585,
26022617,
26022644,
26022676,
26022714,
25650810,
25650819,
25650829,
25650836,
25543983,
25544005,
25544038,
25544057,
26022591,
26022625,
26022661,
26022686,
26725276,
26725282,
26725289,
26725293,
26725300,
26725274,
26725281,
26725288,
26725292,
26725298,
25650811,
25650824,
25650828,
25650838,
27892619,
27892630,
27892647,
26022587,
26022619,
26022670,
26022692,
26844694,
26844705,
26844713,
26844717,
26844723,
26022580,
26022611,
26022637,
26022669,
26022699,
25543970,
25650805,
25544008,
25544028,
26022677,
25544091,
25543969,
25543991,
25544011,
25544030,
25544049,
25544071,
25544090,
25543860,
25543886,
25543906,
25543936,
25543960,
25543831,
25543852,
25543871,
25543900,
25543923,
25543943,
25543957,
25543965,
25543833,
25543862,
25543882,
25543901,
25543927,
25543949,
25543963,
20259473,
20259476,
20259479,
20259482,
25650800,
25650808,
25650815,
25650825,
25650835,
25650860,
25650876,
26022779,
26022816,
26022833,
26022867,
26022897,
26022939,
26022785,
26022830,
26022870,
26022902,
26022940,
25544119,
25544144,
25544176,
25544206,
25544246,
25544281,
25544294,
27892659,
27892668,
27892678,
27892689,
27892695,
26022783,
26022810,
26022850,
26022904,
26022929,
27892658,
27892671,
27892681,
27892694,
20247625,
20247628,
20247633,
20247637,
25544121,
25544148,
25544182,
25544230,
25544256,
25544272,
25544290,
26725305,
26725310,
26725320,
26725324,
26395479,
26725304,
26725308,
26725314,
26725319,
26725325,
26395467,
26395492,
25544117,
25544150,
25544170,
25544199,
25544224,
25544253,
25544282,
25544296,
25544111,
25650849,
25650854,
25544197,
25544219,
25544248,
25544274,
26022780,
26022826,
26022853,
26022887,
26022913,
26022941,
25650843,
25650852,
25650862,
25650869,
25650878,
20259484,
20259487,
20259490,
20259493,
20259497,
25544109,
25544129,
25544154,
25544173,
25544202,
25544225,
25544260,
25544284,
26725303,
26725313,
26725318,
26725323,
26395476,
26395494,
26844746,
26844756,
26022981,
26022978,
20247642,
20247648,
26022985,
26022984,
26023000,
26023016,
25544318,
25544311,
25544329,
25544317,
25544336,
26725335,
26725342,
26725338,
26725346,
25544305,
25544330,
26725337,
26725343,
27190224,
27190234,
27190243,
25650865,
25650872,
25544309,
25544328,
26023034,
26023036,
26023039,
26023043,
25650859,
25650874,
26023038,
26023041,
26021699,
26021743,
26021822,
27892697,
27892706,
393650,
393676,
27892714,
25544358,
25544376,
25544400,
25544417,
25544431,
27892696,
393632,
393664,
393696,
27892717,
20247656,
20247663,
20247668,
20247674,
20247679,
393596,
27892703,
393639,
393673,
393695,
25544363,
25544381,
25544398,
25544426,
26023052,
26023074,
26023120,
26023142,
25544351,
25650891,
25650903,
26023057,
26023075,
26023102,
26023130,
26023155,
25544361,
25544383,
25544396,
25544409,
25544425,
26023053,
26023076,
26023104,
26023149,
27414076,
27414079,
27414082,
25650888,
25650899,
20259498,
20247681,
20247686,
20247691,
20247696,
25544463,
25544508,
26023311,
27892722,
27892736,
27892746,
27892753,
26023194,
26023253,
26023284,
26023313,
25544448,
25544483,
25544518,
25544533,
25544557,
25544572,
20259500,
20259503,
25544473,
25544506,
25544543,
25544562,
25544476,
25544554,
25544472,
25544504,
25544522,
25544545,
25544563,
25544458,
25544485,
25544514,
25544530,
25544551,
25544579,
26023201,
26023236,
26023261,
26023296,
26023319,
27892723,
27892728,
27892735,
27892742,
27892754,
26023191,
26023244,
26023273,
26023302,
26023323,
25544446,
25544467,
393595,
393624,
393654,
393686,
393597,
393613,
393642,
393675,
393698,
25650917,
25650923,
25650933,
25544443,
25544468,
25544500,
25544541,
26844840,
26844854,
26844862,
26844873,
26844877,
25544585,
25650954,
25650966,
25544667,
27892756,
27892777,
27892789,
27892811,
27892755,
27892769,
27892780,
27892794,
27892805,
27892812,
27892817,
20238646,
20238656,
25544590,
25544608,
25544625,
25544640,
25544650,
25544661,
26395854,
26395898,
26395943,
26395853,
26398578,
26395901,
26395940,
25544599,
25544617,
26844887,
26844895,
26844906,
26844918,
26023347,
26023379,
26023401,
26023421,
26023451,
26023355,
26023384,
26023424,
27414085,
27414088,
27414091,
27414075,
27414078,
27414081,
25544470,
25544493,
25544529,
25544558,
25544471,
25544496,
25544515,
25544546,
27414084,
27414087,
27414090,
27414093,
27414083,
27414086,
27414089,
27414092,
25650944,
25650955,
25650963,
25650975,
27892819,
27892830,
27892840,
27892850,
27892860,
27892818,
27892828,
27892837,
27892844,
27892857,
26023546,
26023569,
26023601,
26023626,
26023655,
26023688,
25544705,
25544733,
25544751,
25544765,
25544685,
25544698,
25544719,
25544735,
25544781,
25544680,
25650991,
25651006,
25651023,
25544702,
25544723,
25544739,
20247700,
20247707,
20247713,
20247720,
20247727,
20247732,
26844933,
26844943,
25544682,
25544700,
25544725,
25544742,
25544754,
393874,
393893,
393907,
393917,
393933,
20259521,
20259524,
20259527,
20259531,
20259533,
20259536,
393878,
393888,
393900,
393913,
393928,
20259504,
20259507,
20259510,
20259513,
20259516,
25544703,
26023614,
25544372,
25544394,
25544416,
25544456,
25544478,
25544509,
25544526,
25544550,
25544575,
25544588,
25544606,
25544639,
25544657,
393810,
393821,
393833,
393848,
25544597,
25544616,
25544631,
26023539,
26023581,
26023544,
26023570,
26023605,
26023634,
26023698,
25544710,
25544743,
25544756,
25544771,
393875,
393887,
393903,
393914,
393926,
27892868,
27892885,
27892900,
27892918,
27892867,
27892882,
27892898,
27892912,
25651043,
25651056,
20247739,
20247745,
20247750,
20247755,
26023720,
26023751,
26023792,
26023831,
26023865,
25651044,
25651054,
25651066,
27892875,
27892893,
27892910,
25544794,
25544818,
25544834,
25544852,
25544865,
25544884,
25544900,
25544803,
25544822,
25544837,
25544866,
25544881,
25544897,
25544913,
27892874,
27892890,
27892909,
27892919,
25544801,
25544813,
25544829,
25544850,
25544873,
25544894,
25544909,
26023728,
25544792,
25544810,
25544824,
26023812,
25544880,
25544905,
26844972,
26844984,
26844996,
26845005,
25544790,
25544811,
25544840,
25544888,
25760285,
25760305,
25760316,
25760330,
26023943,
26023956,
25544916,
26023945,
25853733,
25853737,
25544918,
25544932,
25544941,
25544961,
27892923,
27892933,
394017,
394034,
27892922,
27892934,
26023563,
26023596,
26023640,
25650982,
25650997,
25651009,
25651017,
25651025,
25651029,
26023809,
25651067,
20259538,
20259541,
26023786,
26023817,
26023850,
26023350,
26023392,
26023414,
26023467,
26023494,
'NoneType' object has no attribute 'standBySlot',
'NoneType' object has no attribute 'standBySlot',
26023944,
26023963,
25544927,
25544958,
25544968,
27414094,
27414097,
27414100,
394015,
394025,
394039,
394014,
394033,
25544920,
25544935,
25544948,
25544926,
25544947,
25544963,
26845015,
26845026,
25544690,
25544714,
25544734,
25544773,
25651042,
27414096,
27414099,
27414095,
27414098,
26024033,
26024089,
26024125,
26024013,
26024061,
26024103,
20247758,
20247761,
27892937,
27892949,
27892964,
394131,
25545008,
25545031,
25545059,
26541721,
26541732,
26541744,
26541762,
26541717,
26541729,
26541739,
26541751,
26541760,
25544991,
25545011,
25545036,
25545056,
25544989,
25545010,
25545037,
25545053,
25545078,
25545088,
26024011,
26024040,
26024062,
26024104,
26024139,
20259543,
20259546,
20259548,
20259550,
20259553,
20259554,
27892938,
27892948,
27892960,
27892971,
25544987,
25545016,
25545033,
25545052,
25545072,
25545013,
25545085,
25545000,
25545018,
25545030,
25545057,
25545080,
20259556,
20259557,
20259560,
27892983,
27892989,
27892999,
27892982,
27892987,
27892996,
27893002,
20247766,
20247772,
20247779,
20247783,
20247792,
20247798,
25545142,
25545162,
25545187,
25545210,
25545225,
26024151,
26024176,
26024209,
26024256,
26024310,
26024335,
25545103,
25545123,
25545171,
25545193,
25545216,
25545230,
26541775,
26541783,
26024231,
26541776,
26541787,
26541794,
26541800,
25545109,
25545129,
25545155,
25545177,
25545206,
26024280,
26024153,
26024188,
26024222,
26024252,
26024285,
26024166,
26024202,
26024229,
26024305,
26541780,
26541789,
26024239,
26024289,
25545143,
25545168,
25545201,
25545235,
25545101,
25545130,
25545161,
25545191,
25545213,
25545232,
25545242,
25545099,
25545121,
25545152,
25545195,
26024268,
26024306,
25545153,
25545185,
25545220,
26024169,
26024190,
26845082,
26845091,
26845104,
25651118,
25651129,
20267548,
20267552,
20247805,
20247809,
20247813,
27893009,
27893020,
27893035,
27893041,
27893008,
27893018,
27893028,
27893037,
27893045,
25760471,
25760477,
25760497,
25760512,
25545248,
25545271,
25545291,
25545313,
26024528,
25545385,
25545245,
25545279,
25545300,
25545324,
25545346,
25545369,
26024564,
26024383,
26024427,
26024471,
26024521,
26024575,
26902432,
26902441,
26902449,
26902456,
25545249,
25545267,
25545284,
25545305,
25545326,
25545349,
26845129,
26845139,
26845152,
26902433,
26902442,
26902450,
26902455,
26024401,
26024431,
26024470,
26024496,
26023936,
394081,
394047,
394124,
26024007,
26024043,
26024074,
26024100,
26845037,
26845050,
26845064,
25651089,
25651099,
25544998,
25545028,
25545055,
25545074,
25545094,
25545107,
25545135,
25545157,
25545176,
26024261,
26024301,
27414103,
25545339,
25545373,
25545258,
25545287,
26024467,
25545343,
25545362,
25545256,
25545289,
25545311,
25545332,
26024537,
25651154,
25651163,
25651180,
26024589,
26024611,
26024636,
26024614,
26024638,
25545402,
25545427,
27893048,
27893055,
27893062,
27893069,
26541849,
25545410,
25545429,
25545449,
25545457,
25545412,
25545439,
26396645,
26023199,
26023234,
26023269,
26023305,
26024385,
26024415,
26024461,
26024497,
26024523,
26024560,
26024591,
25545400,
25545420,
25545436,
25545458,
25545474,
25545418,
25545444,
25545461,
25545012,
25545034,
25545064,
25545084,
26024402,
26024439,
26024489,
26024550,
27414102,
25545323,
25545348,
25545374,
26024660,
26024707,
26024735,
26024681,
26024721,
394367,
394387,
26024685,
26024730,
25545477,
25545499,
25545496,
25545506,
25545515,
27893073,
27893080,
27893089,
27893099,
27893108,
26024658,
26024694,
26024726,
26024744,
27893072,
27893082,
27893093,
27893102,
27893109,
27893047,
27893054,
27893061,
25545479,
394363,
394390,
394362,
394380,
0,
26541851,
26541859,
26541863,
26541868,
27414101,
25545312,
25545342,
25545370,
27893113,
27893119,
25545520,
25545546,
25545539,
25545557,
26024760,
26024782,
26902487,
27893114,
27893120,
26024775,
26024790,
26024759,
26024778,
25545526,
394441,
394454,
394438,
394461,
26024771,
26024784,
25651228,
25651236,
20247817,
25651221,
25651231,
25651241,
25651191,
25651199,
25651208,
20259561,
20259569,
20259581,
20259587,
20259589,
20259591,
26845182,
25651253,
25651258,
25651264,
27893124,
27893130,
27893138,
27893140,
27893123,
27893132,
27893141,
26024805,
26024859,
26024891,
26024820,
26024865,
26024894,
26024921,
20247824,
20247835,
20247841,
20247847,
26396920,
26396948,
26396919,
26396942,
26396963,
20238782,
20238791,
20238800,
26024823,
26024845,
26024877,
26024903,
26024927,
26024840,
26396923,
26396947,
20259594,
20259597,
20259600,
20247854,
20247858,
20247863,
26024983,
26025029,
26025074,
26025106,
26025122,
27893151,
27893163,
27893172,
27893176,
27893152,
27893164,
27893173,
27893180,
26725354,
26725363,
26725368,
26725375,
26725378,
26725384,
26725351,
26725361,
26725369,
26725374,
26725380,
26725387,
26725359,
26725362,
26725366,
26725377,
26725382,
26024986,
26025040,
26025079,
26025119,
26025136,
26024960,
26025020,
26025055,
26025086,
26025120,
25545691,
25651312,
25651319,
25651331,
25651341,
26845235,
26845252,
26845263,
26845234,
26845244,
26845254,
26845268,
25651271,
25651295,
25651280,
25545605,
25545626,
25545606,
25545627,
26024979,
26025036,
26025077,
26025118,
26845195,
26845203,
26845213,
26845221,
26845229,
26845236,
26845245,
26845253,
26845264,
26845275,
25545604,
25545629,
26025182,
26025222,
26025249,
26025297,
26025174,
26025221,
26025260,
26025289,
26025327,
26025170,
26025229,
26025255,
26025279,
26025313,
26025150,
26025189,
26025230,
26025261,
26025295,
27414106,
25545820,
25545841,
25545853,
25545884,
27414104,
27414107,
27414108,
25545848,
25545870,
20247871,
20247875,
20247879,
26845285,
26845294,
26845304,
25545871,
26725390,
26725396,
26725404,
26725411,
26725416,
26725424,
27414105,
26845300,
25545850,
25545882,
25545901,
25651359,
25651373,
20259603,
20259607,
20259611,
20259616,
20259619,
20259614,
27893185,
27893189,
27893200,
27893214,
27893186,
27893193,
27893199,
27893207,
27893216,
26725388,
26725395,
26725399,
26725405,
26725417,
26725423,
26725389,
26725397,
26725400,
26725403,
26725410,
26725415,
26725420,
26025365,
26025405,
26025450,
26025377,
26025408,
26025455,
26025480,
26025361,
26025394,
26025421,
26025460,
26025370,
26025400,
26025432,
26025475,
27414111,
27414115,
27414117,
27414118,
27414109,
27414112,
27414116,
20316713,
20316726,
20316737,
26845321,
26845327,
26845334,
26845339,
26845353,
26845367,
26725430,
26725434,
26725440,
26725447,
26725454,
26725458,
26725462,
27414110,
27414113,
26845348,
25651391,
25651399,
25651407,
25651422,
25651430,
20259623,
20259627,
20259629,
27893221,
27893232,
27893238,
27893220,
27893228,
27893236,
394738,
26725425,
26725431,
26725435,
26725444,
26725448,
26725453,
26725457,
26725426,
26725432,
26725439,
26725443,
26725450,
26725455,
26725461,
26025538,
26025564,
26025591,
26025541,
26025583,
26025610,
26025674,
26025531,
26025593,
26025626,
26025650,
26025679,
26025697,
26025543,
26025575,
26025620,
26025645,
26025673,
25546067,
25546091,
25546110,
25546128,
25546068,
25546090,
25546109,
20247899,
20247904,
20247909,
20247916,
20247921,
20247926,
26845373,
26845385,
26845401,
394762,
394782,
27893273,
27893289,
27893299,
25546070,
25546095,
25546115,
25651436,
25651443,
25651456,
25651467,
25651471,
20259631,
20259637,
20259640,
20259643,
20259647,
20259649,
20259652,
27893242,
27893258,
27893274,
27893291,
27893305,
27893244,
27893264,
27893288,
27893298,
394761,
394780,
394798,
394804,
394824,
26725463,
26725467,
26725468,
26725472,
26725475,
26025727,
26025723,
26725482,
27893312,
27893316,
27893313,
26725483,
26725481,
26725486,
26397601,
26025755,
26025795,
26025840,
26025764,
26025794,
25546215,
25546241,
25546216,
25546236,
25546266,
26845421,
26845429,
26725487,
25651481,
25651492,
25651506,
20259653,
20259656,
27893317,
27893328,
27893318,
27893325,
27893330,
26725491,
26725495,
26725489,
26725493,
26025896,
26025919,
26025943,
26025976,
26026008,
25546315,
25546331,
25546352,
25546317,
25546332,
25546357,
25546382,
26845435,
26845446,
26845456,
26845464,
26725498,
26725503,
26725507,
26725512,
25546318,
25546333,
25651511,
25651521,
25651535,
20259664,
20259667,
27893334,
27893347,
27893358,
27893363,
27893335,
27893348,
27893357,
26725500,
26725504,
26725509,
393807,
1,
25546435,
25546458,
25546499,
25546533,
25546436,
25546479,
25546515,
26845478,
26845490,
26725514,
26725519,
26725525,
26725529,
25546431,
25546455,
25546498,
25546530,
25546558,
25651546,
25651555,
20259670,
20259673,
27893371,
27893379,
27893389,
27893399,
27893368,
27893374,
27893385,
27893393,
26725515,
26725521,
26725526,
26725530,
26026116,
26026148,
26026190,
26026240,
26026117,
26026161,
26026212,
26026257,
26026111,
26026142,
26026182,
26026228,
26026261,
26026118,
26026141,
26026180,
26026231,
25546600,
25546601,
20247962,
20247968,
20247974,
26845499,
26845511,
26845519,
26725532,
26725540,
26725549,
26725552,
25546602,
25651582,
25651590,
20259675,
20259680,
27893405,
27893415,
27893424,
27893406,
27893413,
27893425,
27893431,
26725533,
26725545,
26725550,
26725534,
26725539,
26725544,
26725546,
26725551,
26026292,
26026324,
26026361,
26026385,
26026295,
26026341,
26026375,
26026410,
26026438,
26026288,
26026343,
26026379,
26026402,
26026426,
26026297,
26026327,
26026372,
26026398,
26026427,
25546677,
25546698,
25546716,
25546734,
20247986,
20247990,
20247994,
20248000,
20248005,
20248010,
26725560,
26725568,
26725573,
25546678,
25546695,
25546722,
25651608,
25651617,
25651625,
20259683,
20259685,
20259687,
20259689,
20259691,
27893435,
27893441,
27893456,
27893436,
27893448,
27893458,
27893460,
26725555,
26725561,
26725569,
26725575,
26725578,
26725581,
26725557,
26725564,
26725570,
26725576,
26725580,
26026487,
26026485,
26026512,
26026542,
26026484,
26026483,
26026522,
20248015,
20248018,
20248022,
26845577,
26845586,
26725585,
26725592,
26725604,
20259693,
20259695,
20259697,
20259699,
20259701,
27893463,
27893468,
27893464,
27893469,
26725586,
26725595,
26725603,
26026572,
26026614,
26026575,
26026605,
26026637,
26026675,
26026567,
26026606,
26026627,
26026647,
26026667,
26026576,
26026618,
26845603,
26845612,
26845622,
26845642,
26845602,
26845615,
26845628,
26845636,
26845645,
20248025,
20248033,
20248041,
20248044,
20248049,
20248055,
26845599,
26845606,
26845614,
26845625,
26725608,
26725618,
26725624,
26725630,
25546895,
20259702,
20259706,
20259712,
27893475,
27893485,
27893492,
27893502,
27893514,
27893522,
27893476,
27893483,
27893491,
27893504,
27893516,
27893520,
26725610,
26725617,
26725623,
26725629,
26026709,
26026737,
26026786,
26026832,
26026729,
26026762,
26026801,
26026835,
26026706,
26026748,
26026805,
26026715,
26026751,
26026774,
26026826,
27414120,
27414122,
27414124,
27414127,
27414119,
27414121,
27414123,
27414126,
20238959,
20238966,
20238971,
20259729,
395264,
26542275,
26542285,
26542296,
20259718,
20259722,
20259726,
27893523,
27893532,
27893540,
27893544,
27893524,
27893528,
27893538,
27893545,
395278,
26398382,
26398425,
395282,
26398399,
26398436,
26026872,
25854160,
26026950,
26026979,
26027008,
26026890,
26026932,
26026975,
26027009,
26026868,
26026910,
26026960,
26027000,
26026877,
26026906,
26026961,
26026999,
25547085,
25547102,
25547084,
25547116,
25547136,
20248061,
20248068,
20248072,
26845700,
26845720,
25761104,
25761117,
26725640,
26725646,
25651709,
25651715,
25651730,
20259732,
20259737,
20259743,
20259750,
20259754,
27893546,
27893557,
27893566,
27893573,
27893547,
27893556,
27893564,
27893579,
26398501,
26398520,
26398541,
26725639,
26725644,
26397600,
26025759,
26025821,
26025845,
26025892,
26025922,
26025964,
26025996,
26026014,
26845540,
26845548,
26845554,
26845560,
26725584,
26725590,
26725597,
26725607,
26725614,
26725626,
26725633,
26845664,
26845677,
26845681,
26845689,
26845693,
26398502,
26398537,
26725641,
26725647,
25651630,
25651641,
25651667,
25651678,
25651686,
25651697,
26027053,
26027087,
26027123,
26027160,
26027045,
26027083,
26027140,
26027179,
26027054,
26027091,
26027133,
26027176,
25547201,
25547223,
25547256,
25547202,
25547225,
25547240,
25547259,
20248085,
20248093,
20248102,
20248109,
20248118,
26845728,
26845737,
26845744,
26845752,
26725653,
26725659,
26725665,
25651746,
25651760,
20259758,
20259762,
27893583,
27893589,
27893599,
27893611,
27893582,
27893588,
27893597,
27893606,
26725654,
26725658,
26725670,
26725652,
26725657,
26725660,
26725666,
26027207,
26027243,
26027273,
26027339,
26027371,
26027214,
26027247,
26027276,
26027316,
26027349,
26027202,
26027250,
26027291,
26027346,
26027216,
26027241,
26027275,
26027310,
26027344,
27414130,
26845780,
26845794,
27414129,
26845774,
27414132,
20248122,
26845758,
26845765,
26845773,
26845785,
26725671,
26725678,
26725686,
26725692,
26725704,
27414131,
26845782,
26845789,
26845796,
25651773,
25651782,
25651788,
20259763,
27893613,
27893622,
27893631,
27893638,
27893645,
27893614,
27893623,
27893632,
